2011001,142,257,573
2011002,726,964,624
2011003,937,079,018
2011004,640,583,600
2011005,571,286,758
2011006,242,927,338
2011007,285,328,765
2011008,982,179,156
2011009,176,490,263
2011010,573,605,070
2011011,635,348,374
2011012,587,924,722
2011013,879,703,279
2011014,277,457,821
2011015,809,831,919
2011016,777,730,376
2011017,813,017,560
2011018,141,376,288
2011019,358,645,801
2011020,164,259,196
2011021,215,672,318
2011022,782,015,059
2011023,777,394,015
2011024,388,200,539
2011025,546,246,057
2011026,591,135,448
2011027,677,046,954
2011028,347,345,206
2011029,679,485,106
2011030,013,256,492
2011031,937,815,527
2011032,265,728,561
2011033,106,178,403
2011034,200,780,785
2011035,219,371,372
2011036,350,734,676
2011037,063,428,921
2011038,404,084,384
2011039,784,942,742
2011040,958,967,767
2011041,286,520,551
2011042,208,367,101
2011043,133,631,352
2011044,456,734,151
2011045,224,762,013
2011046,816,963,816
2011047,954,370,755
2011048,458,436,064
2011049,730,287,958
2011050,316,536,537
2011051,281,764,561
2011052,057,809,798
2011053,278,479,267
2011054,518,435,843
2011055,742,063,216
2011056,940,026,967
2011057,030,481,677
2011058,062,756,475
2011059,960,815,318
2011060,528,124,877
2011061,843,137,933
2011062,160,540,931
2011063,806,917,656
2011064,725,123,140
2011065,420,492,974
2011066,809,874,372
2011067,544,318,198
2011068,108,641,937
2011069,753,756,700
2011070,334,264,556
2011071,782,345,365
2011072,428,605,184
2011073,172,736,722
2011074,087,653,066
2011075,287,429,786
2011076,746,346,637
2011077,206,835,573
2011078,246,316,951
2011079,785,378,720
2011080,648,931,755
2011081,100,263,604
2011082,491,964,318
2011083,868,529,554
2011084,721,472,263
2011085,337,057,654
2011086,368,281,622
2011087,194,136,642
2011088,342,951,791
2011089,219,207,291
2011090,796,956,866
2011091,315,570,007
2011092,431,346,924
2011093,369,618,812
2011094,849,374,137
2011095,784,702,565
2011096,006,296,345
2011097,429,413,385
2011098,022,812,716
2011099,652,457,488
2011100,714,637,139
2011101,886,640,138
2011102,329,374,792
2011103,666,750,295
2011104,329,167,146
2011105,927,341,324
2011106,158,357,056
2011107,907,450,732
2011108,788,356,629
2011109,920,348,243
2011110,247,549,749
2011111,523,673,013
2011112,574,985,076
2011113,294,057,079
2011114,628,081,394
2011115,827,128,290
2011116,178,953,735
2011117,358,260,751
2011118,727,940,180
2011119,083,617,390
2011120,759,015,020
2011121,220,165,794
2011122,555,942,856
2011123,769,816,536
2011124,791,452,821
2011125,006,635,507
2011126,055,495,726
2011127,467,046,536
2011128,691,452,300
2011129,082,354,249
2011130,038,516,700
2011131,454,925,403
2011132,418,648,708
2011133,016,276,544
2011134,225,156,867
2011135,809,629,366
2011136,559,473,255
2011137,958,624,867
2011138,475,376,912
2011139,265,962,444
2011140,819,183,849
2011141,915,743,304
2011142,789,360,109
2011143,058,725,559
2011144,644,476,820
2011145,494,341,738
2011146,500,730,537
2011147,163,082,599
2011148,439,278,670
2011149,926,246,382
2011150,773,734,906
2011151,541,284,556
2011152,721,318,236
2011153,456,946,471
2011154,682,678,161
2011155,256,136,209
2011156,212,409,851
2011157,582,730,020
2011158,608,964,825
2011159,769,173,092
2011160,510,384,803
2011161,371,425,268
2011162,573,369,820
2011163,635,289,887
2011164,704,942,161
2011165,162,821,823
2011166,454,345,022
2011167,941,934,461
2011168,017,387,467
2011169,922,654,880
2011170,157,438,326
2011171,725,936,338
2011172,227,864,445
2011173,763,459,747
2011174,412,816,370
2011175,262,935,731
2011176,905,347,127
2011177,697,374,521
2011178,145,813,591
2011179,170,072,393
2011180,804,364,052
2011181,918,935,079
2011182,353,163,478
2011183,341,016,889
2011184,209,817,838
2011185,767,796,499
2011186,242,378,795
2011187,931,495,731
2011188,430,469,012
2011189,472,475,504
2011190,464,237,506
2011191,351,387,947
2011192,746,907,617
2011193,868,298,533
2011194,210,162,797
2011195,385,469,959
2011196,415,743,684
2011197,638,368,321
2011198,985,784,822
2011199,263,425,181
2011200,552,617,689
2011201,348,564,023
2011202,750,098,791
2011203,017,487,404
2011204,127,256,689
2011205,341,286,703
2011206,144,459,057
2011207,699,685,952
2011208,439,347,807
2011209,992,764,083
2011210,540,385,020
2011211,779,256,468
2011212,862,634,672
2011213,109,461,252
2011214,911,925,901
2011215,457,736,927
2011216,969,783,376
2011217,618,458,587
2011218,648,502,289
2011219,485,097,797
2011220,999,293,863
2011221,069,802,982
2011222,713,546,463
2011223,345,438,389
2011224,610,652,174
2011225,863,136,375
2011226,242,182,297
2011227,084,927,795
2011228,820,679,697
2011229,176,716,887
2011230,936,381,213
2011231,827,842,465
2011232,452,378,911
2011233,002,260,614
2011234,211,950,839
2011235,056,946,262
2011236,634,358,690
2011237,662,418,432
2011238,301,753,480
2011239,787,580,470
2011240,975,217,320
2011241,868,836,918
2011242,697,384,036
2011243,866,507,276
2011244,716,140,831
2011245,080,835,223
2011246,650,135,012
2011247,684,842,243
2011248,370,915,024
2011249,358,297,664
2011250,770,489,350
2011251,251,861,006
2011252,808,073,671
2011253,560,105,912
2011254,497,493,413
2011255,068,921,926
2011256,214,832,606
2011257,818,459,897
2011258,442,397,769
2011259,365,671,268
2011260,628,268,634
2011261,189,610,590
2011262,525,017,811
2011263,928,840,548
2011264,499,437,802
2011265,080,307,371
2011266,248,931,194
2011267,501,125,998
2011268,599,356,596
2011269,399,947,795
2011270,139,279,195
2011271,355,026,152
2011272,643,278,906
2011273,416,871,001
2011274,342,762,715
2011275,360,607,647
2011276,509,497,279
2011277,265,816,170
2011278,087,439,249
2011279,241,341,684
2011280,567,637,042
2011281,481,389,011
2011282,753,393,970
2011283,436,052,997
2011284,902,289,954
2011285,632,475,183
2011286,531,518,841
2011287,429,647,571
2011288,422,456,424
2011289,455,078,940
2011290,240,560,209
2011291,310,738,916
2011292,961,856,277
2011293,098,758,163
2011294,717,276,151
2011295,624,368,740
2011296,766,235,017
2011297,042,530,861
2011298,872,164,682
2011299,567,385,726
2011300,838,503,291
2011301,947,289,058
2011302,171,801,930
2011303,385,059,595
2011304,350,620,719
2011305,010,407,869
2011306,754,278,028
2011307,261,049,804
2011308,433,815,214
2011309,268,387,637
2011310,469,579,641
2011311,539,154,709
2011312,068,412,482
2011313,180,924,480
2011314,708,196,884
2011315,330,460,338
2011316,933,453,374
2011317,134,125,457
2011318,116,695,952
2011319,443,497,216
2011320,442,784,887
2011321,944,850,210
2011322,220,813,881
2011323,724,725,956
2011324,436,568,011
2011325,385,835,398
2011326,381,270,355
2011327,791,049,526
2011328,619,624,628
2011329,838,802,914
2011330,890,982,476
2011331,934,245,678
2011332,805,674,901
2011333,246,691,216
2011334,783,175,134
2011335,762,605,615
2011336,541,400,338
2011337,724,812,915
2011338,808,039,361
2011339,613,283,877
2011340,045,269,090
2011341,961,625,282
2011342,333,837,056
2011343,920,780,176
2011344,908,196,140
2011345,580,257,248
2011346,993,453,074
2011347,533,792,681
2011348,772,481,724
2011349,781,057,522
2011350,368,240,806
2011351,145,527,868
2011352,589,029,647
2011353,012,079,845
2011354,489,473,266
2011355,488,368,362
2011356,917,670,824
2011357,193,835,232
2011358,254,462,495
2012001,309,067,867
2012002,209,568,900
2012003,750,817,640
2012004,960,548,094
2012005,135,436,361
2012006,882,438,327
2012007,880,596,776
2012008,497,347,989
2012009,166,613,917
2012010,594,265,278
2012011,315,382,533
2012012,224,168,026
2012013,317,673,428
2012014,637,758,795
2012015,180,208,484
2012016,749,932,832
2012017,538,824,275
2012018,030,467,073
2012019,045,825,924
2012020,446,837,318
2012021,967,329,381
2012022,425,453,075
2012023,633,836,268
2012024,997,750,237
2012025,755,384,013
2012026,746,461,102
2012027,263,581,528
2012028,731,481,429
2012029,100,507,702
2012030,982,089,562
2012031,195,507,630
2012032,421,627,767
2012033,865,749,904
2012034,465,926,279
2012035,369,370,784
2012036,287,147,697
2012037,978,536,905
2012038,032,304,565
2012039,757,581,793
2012040,470,649,288
2012041,664,905,756
2012042,001,196,110
2012043,525,289,069
2012044,723,756,429
2012045,026,068,220
2012046,493,185,423
2012047,642,695,682
2012048,875,381,372
2012049,808,053,769
2012050,035,517,756
2012051,302,269,667
2012052,355,871,707
2012053,663,490,338
2012054,103,847,458
2012055,712,208,659
2012056,607,934,181
2012057,608,489,975
2012058,096,352,707
2012059,269,584,288
2012060,492,473,282
2012061,763,530,002
2012062,023,941,558
2012063,128,835,877
2012064,478,578,803
2012065,775,706,558
2012066,648,382,536
2012067,193,209,476
2012068,856,046,251
2012069,693,426,921
2012070,757,057,965
2012071,759,024,705
2012072,795,604,032
2012073,069,862,852
2012074,841,327,567
2012075,537,635,703
2012076,606,928,306
2012077,388,526,152
2012078,122,124,733
2012079,457,740,463
2012080,482,065,909
2012081,922,760,764
2012082,325,016,910
2012083,116,457,811
2012084,618,701,697
2012085,912,459,248
2012086,973,089,275
2012087,544,408,561
2012088,363,683,236
2012089,080,597,939
2012090,549,475,827
2012091,220,164,885
2012092,553,176,620
2012093,002,497,902
2012094,668,567,355
2012095,588,416,216
2012096,870,347,597
2012097,861,549,567
2012098,996,327,912
2012099,405,234,983
2012100,413,742,122
2012101,695,685,294
2012102,077,017,883
2012103,301,548,743
2012104,990,562,535
2012105,382,386,215
2012106,436,456,746
2012107,728,541,411
2012108,758,193,890
2012109,120,064,013
2012110,645,427,791
2012111,810,836,638
2012112,383,293,370
2012113,070,279,480
2012114,850,249,627
2012115,086,436,542
2012116,339,712,240
2012117,665,352,700
2012118,518,920,299
2012119,100,836,262
2012120,436,247,432
2012121,694,871,373
2012122,585,528,939
2012123,234,712,910
2012124,108,807,382
2012125,143,461,257
2012126,507,527,118
2012127,985,269,958
2012128,431,612,446
2012129,368,562,846
2012130,290,704,855
2012131,527,805,051
2012132,659,641,251
2012133,347,803,635
2012134,698,710,535
2012135,987,019,372
2012136,748,374,313
2012137,517,582,370
2012138,537,436,466
2012139,036,169,057
2012140,390,842,049
2012141,214,248,390
2012142,349,649,447
2012143,185,850,549
2012144,923,631,995
2012145,628,702,065
2012146,197,154,551
2012147,502,326,532
2012148,732,348,359
2012149,031,845,678
2012150,828,594,550
2012151,140,479,392
2012152,802,863,605
2012153,746,915,035
2012154,843,873,718
2012155,267,519,833
2012156,862,941,946
2012157,015,108,094
2012158,162,743,523
2012159,543,839,983
2012160,962,657,098
2012161,369,436,389
2012162,832,028,632
2012163,643,057,944
2012164,651,248,516
2012165,364,281,742
2012166,112,850,420
2012167,212,476,681
2012168,405,637,533
2012169,012,982,590
2012170,661,847,304
2012171,242,435,958
2012172,769,830,936
2012173,887,506,961
2012174,875,453,540
2012175,976,367,325
2012176,327,013,761
2012177,694,150,969
2012178,127,518,313
2012179,921,533,511
2012180,277,563,436
2012181,847,413,971
2012182,861,496,232
2012183,245,530,973
2012184,921,809,909
2012185,309,416,743
2012186,247,534,242
2012187,484,536,781
2012188,252,701,569
2012189,083,734,516
2012190,964,638,785
2012191,558,027,618
2012192,928,632,406
2012193,944,547,193
2012194,346,827,248
2012195,626,018,386
2012196,877,514,504
2012197,639,139,356
2012198,619,560,266
2012199,503,482,189
2012200,632,476,328
2012201,803,167,063
2012202,398,925,387
2012203,583,157,103
2012204,108,145,427
2012205,295,624,008
2012206,265,743,831
2012207,030,479,548
2012208,613,615,111
2012209,641,540,466
2012210,393,389,992
2012211,843,578,044
2012212,547,186,455
2012213,297,072,968
2012214,965,364,085
2012215,284,710,656
2012216,873,493,072
2012217,253,163,845
2012218,565,420,028
2012219,152,874,881
2012220,098,640,204
2012221,351,853,965
2012222,099,168,776
2012223,093,374,452
2012224,573,176,933
2012225,652,746,918
2012226,879,427,853
2012227,485,128,769
2012228,108,450,117
2012229,149,429,535
2012230,333,586,406
2012231,908,439,399
2012232,708,256,918
2012233,897,125,176
2012234,418,563,219
2012235,422,637,117
2012236,332,530,476
2012237,739,405,558
2012238,307,456,302
2012239,810,560,028
2012240,167,146,287
2012241,247,792,875
2012242,572,035,644
2012243,237,584,384
2012244,936,095,805
2012245,749,074,044
2012246,578,483,171
2012247,514,604,792
2012248,690,823,354
2012249,412,471,818
2012250,023,734,766
2012251,195,698,866
2012252,670,043,747
2012253,466,238,261
2012254,203,274,158
2012255,132,381,199
2012256,694,758,586
2012257,773,073,830
2012258,913,584,990
2012259,340,892,420
2012260,442,516,934
2012261,401,638,790
2012262,869,769,129
2012263,799,573,422
2012264,797,841,291
2012265,419,506,993
2012266,181,862,996
2012267,343,705,971
2012268,339,185,934
2012269,625,278,228
2012270,992,537,173
2012271,140,078,990
2012272,989,206,375
2012273,667,173,898
2012274,267,013,669
2012275,447,439,097
2012276,468,804,969
2012277,994,736,407
2012278,021,629,041
2012279,538,850,991
2012280,718,723,855
2012281,438,235,377
2012282,866,054,746
2012283,166,180,280
2012284,756,392,744
2012285,997,530,391
2012286,304,836,252
2012287,271,842,111
2012288,094,458,708
2012289,034,850,897
2012290,099,218,225
2012291,199,567,339
2012292,646,853,630
2012293,061,263,828
2012294,005,257,253
2012295,103,578,847
2012296,407,529,110
2012297,156,938,814
2012298,408,922,741
2012299,925,298,003
2012300,539,439,778
2012301,706,610,825
2012302,317,372,346
2012303,764,859,786
2012304,150,429,511
2012305,042,538,711
2012306,057,649,518
2012307,974,832,493
2012308,921,164,353
2012309,071,213,787
2012310,899,473,940
2012311,743,681,961
2012312,831,053,326
2012313,743,160,811
2012314,181,635,653
2012315,371,542,682
2012316,709,259,158
2012317,315,921,820
2012318,110,894,369
2012319,286,423,137
2012320,428,367,860
2012321,936,904,449
2012322,524,056,891
2012323,889,362,656
2012324,114,618,166
2012325,656,510,953
2012326,814,368,908
2012327,310,810,032
2012328,644,493,252
2012329,595,459,119
2012330,534,278,439
2012331,382,726,540
2012332,523,410,549
2012333,744,037,285
2012334,006,819,246
2012335,493,715,380
2012336,250,162,991
2012337,576,036,504
2012338,097,348,922
2012339,294,510,274
2012340,046,318,321
2012341,204,751,548
2012342,373,178,755
2012343,296,612,275
2012344,293,518,093
2012345,896,641,408
2012346,992,352,152
2012347,576,467,637
2012348,851,813,200
2012349,266,634,067
2012350,676,410,861
2012351,035,348,261
2012352,123,149,931
2012353,823,267,274
2012354,779,184,515
2012355,636,354,147
2012356,546,821,001
2012357,194,083,867
2012358,554,367,275
2012359,309,812,980
2013001,203,746,174
2013002,670,184,701
2013003,166,349,133
2013004,760,583,075
2013005,622,419,269
2013006,457,398,911
2013007,147,872,669
2013008,556,350,264
2013009,921,803,088
2013010,632,034,180
2013011,209,370,647
2013012,688,843,762
2013013,922,374,192
2013014,417,457,622
2013015,228,681,431
2013016,038,530,739
2013017,380,429,718
2013018,347,546,934
2013019,866,612,248
2013020,929,145,275
2013021,918,590,059
2013022,250,364,467
2013023,807,873,433
2013024,268,629,428
2013025,540,143,622
2013026,857,273,119
2013027,308,139,531
2013028,113,427,958
2013029,149,641,707
2013030,732,725,339
2013031,762,683,704
2013032,849,815,018
2013033,277,437,796
2013034,330,109,370
2013035,632,814,450
2013036,658,817,491
2013037,364,294,276
2013038,640,109,104
2013039,639,392,485
2013040,549,172,201
2013041,851,356,590
2013042,496,627,149
2013043,536,830,009
2013044,318,172,110
2013045,039,452,780
2013046,966,567,955
2013047,784,270,020
2013048,290,594,734
2013049,636,580,193
2013050,556,426,117
2013051,676,271,766
2013052,556,580,712
2013053,564,132,259
2013054,497,381,525
2013055,456,096,482
2013056,139,823,743
2013057,243,762,291
2013058,082,357,047
2013059,251,615,291
2013060,549,463,743
2013061,675,187,069
2013062,669,379,252
2013063,641,348,603
2013064,176,507,476
2013065,328,823,222
2013066,041,680,353
2013067,832,156,465
2013068,770,096,395
2013069,115,275,536
2013070,235,684,930
2013071,360,586,682
2013072,831,194,565
2013073,222,725,038
2013074,288,075,072
2013075,617,671,555
2013076,174,780,169
2013077,184,260,889
2013078,032,372,134
2013079,780,458,424
2013080,466,392,788
2013081,857,615,372
2013082,249,094,419
2013083,602,862,537
2013084,721,415,555
2013085,693,563,700
2013086,895,845,707
2013087,034,610,804
2013088,381,725,693
2013089,192,467,405
2013090,955,835,262
2013091,137,478,668
2013092,632,829,585
2013093,737,497,158
2013094,028,650,423
2013095,215,916,125
2013096,039,739,281
2013097,792,748,420
2013098,759,813,730
2013099,450,632,849
2013100,338,681,446
2013101,921,703,634
2013102,536,678,066
2013103,203,840,262
2013104,014,752,924
2013105,484,863,930
2013106,492,617,494
2013107,985,370,969
2013108,343,462,239
2013109,167,536,183
2013110,418,930,768
2013111,466,352,960
2013112,996,190,625
2013113,836,387,848
2013114,171,924,211
2013115,901,435,349
2013116,407,643,658
2013117,808,582,194
2013118,393,046,757
2013119,451,681,171
2013120,569,827,083
2013121,073,176,183
2013122,465,946,386
2013123,832,829,358
2013124,963,649,988
2013125,510,267,482
2013126,410,537,265
2013127,667,562,375
2013128,849,863,783
2013129,020,127,528
2013130,991,374,722
2013131,798,583,354
2013132,155,094,929
2013133,329,736,263
2013134,228,458,962
2013135,850,347,018
2013136,231,671,198
2013137,627,483,106
2013138,579,352,017
2013139,907,538,950
2013140,592,827,565
2013141,782,348,404
2013142,930,614,627
2013143,060,865,968
2013144,890,457,433
2013145,389,365,033
2013146,464,645,019
2013147,843,835,331
2013148,825,672,025
2013149,452,410,351
2013150,736,760,946
2013151,943,184,514
2013152,149,720,342
2013153,288,672,145
2013154,349,745,164
2013155,296,567,566
2013156,775,952,446
2013157,383,392,120
2013158,613,730,027
2013159,098,495,307
2013160,210,125,528
2013161,537,745,357
2013162,292,023,619
2013163,104,425,899
2013164,732,367,383
2013165,300,590,959
2013166,042,861,376
2013167,242,427,550
2013168,556,718,828
2013169,344,374,975
2013170,128,481,700
2013171,890,329,428
2013172,406,536,151
2013173,506,523,095
2013174,714,172,139
2013175,185,583,173
2013176,307,370,540
2013177,169,529,018
2013178,927,453,024
2013179,368,163,121
2013180,642,044,041
2013181,248,579,929
2013182,944,365,189
2013183,693,761,192
2013184,487,530,488
2013185,916,629,103
2013186,170,523,980
2013187,188,356,758
2013188,020,784,874
2013189,026,731,435
2013190,719,645,231
2013191,315,684,048
2013192,170,740,031
2013193,493,392,339
2013194,806,870,427
2013195,398,237,667
2013196,100,457,936
2013197,115,832,109
2013198,566,627,974
2013199,814,374,229
2013200,573,653,970
2013201,498,108,834
2013202,603,026,096
2013203,300,348,154
2013204,506,627,033
2013205,798,749,031
2013206,493,307,667
2013207,473,276,255
2013208,044,825,094
2013209,928,947,157
2013210,139,364,577
2013211,749,825,735
2013212,082,623,943
2013213,660,641,314
2013214,826,357,598
2013215,157,734,994
2013216,383,034,552
2013217,965,916,934
2013218,112,841,277
2013219,232,378,128
2013220,630,647,993
2013221,999,914,559
2013222,260,845,264
2013223,811,345,645
2013224,579,035,498
2013225,884,046,186
2013226,550,035,445
2013227,427,123,982
2013228,410,043,611
2013229,003,372,170
2013230,962,952,381
2013231,468,673,403
2013232,441,510,571
2013233,367,638,972
2013234,846,829,219
2013235,625,195,758
2013236,714,183,209
2013237,874,023,271
2013238,117,059,312
2013239,091,283,772
2013240,569,562,432
2013241,718,841,961
2013242,528,439,880
2013243,361,907,153
2013244,393,078,955
2013245,742,472,941
2013246,906,057,735
2013247,559,329,637
2013248,115,481,617
2013249,307,346,914
2013250,904,825,557
2013251,753,562,141
2013252,573,481,720
2013253,683,629,556
2013254,956,192,489
2013255,295,356,059
2013256,598,306,752
2013257,398,162,044
2013258,055,457,776
2013259,413,026,357
2013260,626,827,163
2013261,227,569,247
2013262,643,053,895
2013263,681,185,766
2013264,748,075,788
2013265,373,920,469
2013266,552,984,564
2013267,051,735,852
2013268,414,527,520
2013269,166,105,979
2013270,295,374,536
2013271,385,348,386
2013272,309,724,386
2013273,568,167,272
2013274,600,417,604
2013275,250,633,603
2013276,954,537,633
2013277,393,345,740
2013278,134,247,119
2013279,409,207,339
2013280,194,375,935
2013281,005,270,400
2013282,846,847,450
2013283,547,215,200
2013284,169,390,556
2013285,165,705,352
2013286,192,074,730
2013287,200,038,442
2013288,748,394,990
2013289,740,529,477
2013290,323,352,302
2013291,667,456,351
2013292,093,830,049
2013293,956,776,641
2013294,198,283,392
2013295,342,273,056
2013296,943,965,113
2013297,803,165,471
2013298,732,672,173
2013299,207,850,020
2013300,383,154,774
2013301,776,451,181
2013302,882,473,911
2013303,289,095,936
2013304,212,105,936
2013305,860,758,915
2013306,291,749,100
2013307,694,547,020
2013308,378,376,131
2013309,982,529,877
2013310,271,681,609
2013311,358,708,016
2013312,784,492,415
2013313,898,168,391
2013314,711,638,815
2013315,899,362,325
2013316,088,720,379
2013317,197,756,529
2013318,244,380,841
2013319,460,178,692
2013320,573,387,938
2013321,987,459,766
2013322,648,152,516
2013323,114,063,938
2013324,167,265,217
2013325,863,438,253
2013326,233,715,027
2013327,405,094,281
2013328,957,361,809
2013329,529,283,660
2013330,004,647,583
2013331,224,128,709
2013332,423,391,243
2013333,789,586,444
2013334,680,601,857
2013335,008,578,352
2013336,423,615,749
2013337,030,057,293
2013338,517,417,090
2013339,867,823,321
2013340,805,490,961
2013341,980,673,528
2013342,899,165,617
2013343,776,940,157
2013344,149,390,354
2013345,072,687,209
2013346,019,534,027
2013347,554,467,392
2013348,574,259,218
2013349,524,907,082
2013350,322,362,367
2013351,726,081,016
2013352,176,894,584
2013353,185,257,989
2013354,024,430,691
2013355,293,392,825
2013356,164,073,506
2013357,320,249,633
2013358,968,457,771
2014001,687,635,196
2014002,634,531,228
2014003,643,780,105
2014004,955,819,632
2014005,755,467,624
2014006,992,387,402
2014007,283,439,497
2014008,590,685,623
2014009,432,263,211
2014010,645,387,073
2014011,319,892,018
2014012,368,457,968
2014013,613,241,871
2014014,945,457,728
2014015,742,370,640
2014016,224,583,989
2014017,057,849,092
2014018,474,172,371
2014019,610,560,589
2014020,087,281,527
2014021,875,429,958
2014022,969,027,391
2014023,303,394,879
2014024,344,182,881
2014025,683,637,458
2014026,300,921,662
2014027,774,478,352
2014028,805,631,198
2014029,618,256,744
2014030,488,937,021
2014031,204,075,842
2014032,256,638,732
2014033,444,493,452
2014034,335,435,657
2014035,723,941,303
2014036,630,672,667
2014037,809,745,205
2014038,004,327,765
2014039,478,081,323
2014040,068,169,847
2014041,702,527,898
2014042,156,361,731
2014043,854,038,724
2014044,585,629,388
2014045,236,075,570
2014046,248,841,967
2014047,903,370,077
2014048,214,429,807
2014049,392,367,552
2014050,757,475,237
2014051,310,293,107
2014052,793,854,038
2014053,700,647,086
2014054,257,361,191
2014055,761,035,471
2014056,386,849,168
2014057,502,254,805
2014058,210,738,058
2014059,871,635,696
2014060,977,349,162
2014061,819,465,825
2014062,300,470,193
2014063,742,045,679
2014064,361,526,268
2014065,208,754,114
2014066,693,371,469
2014067,072,185,503
2014068,968,490,479
2014069,652,257,649
2014070,911,385,673
2014071,537,176,642
2014072,662,176,494
2014073,036,386,135
2014074,921,742,465
2014075,146,385,724
2014076,559,287,958
2014077,712,635,666
2014078,630,502,090
2014079,206,502,534
2014080,670,827,763
2014081,544,349,703
2014082,934,819,132
2014083,521,570,713
2014084,558,847,461
2014085,623,271,075
2014086,056,019,917
2014087,030,839,441
2014088,404,507,169
2014089,506,235,840
2014090,482,821,828
2014091,495,059,251
2014092,303,207,175
2014093,998,185,969
2014094,285,349,938
2014095,553,740,910
2014096,738,390,827
2014097,389,629,097
2014098,548,421,245
2014099,286,305,092
2014100,170,049,720
2014101,892,325,380
2014102,352,641,747
2014103,250,097,345
2014104,957,493,365
2014105,613,270,219
2014106,970,539,572
2014107,669,186,716
2014108,960,457,134
2014109,965,672,445
2014110,768,341,624
2014111,487,025,624
2014112,429,623,013
2014113,124,718,850
2014114,243,367,441
2014115,645,087,720
2014116,910,923,880
2014117,829,837,382
2014118,182,704,588
2014119,383,035,961
2014120,758,492,885
2014121,743,256,638
2014122,499,812,679
2014123,315,920,029
2014124,701,349,771
2014125,852,564,016
2014126,588,381,111
2014127,341,479,500
2014128,780,725,024
2014129,145,158,834
2014130,211,926,019
2014131,870,475,669
2014132,139,617,925
2014133,650,564,191
2014134,085,472,921
2014135,409,834,067
2014136,840,372,140
2014137,169,615,895
2014138,587,364,499
2014139,764,452,870
2014140,901,192,961
2014141,921,438,658
2014142,594,350,111
2014143,244,642,826
2014144,077,307,655
2014145,612,836,553
2014146,367,053,245
2014147,578,429,082
2014148,180,397,704
2014149,262,043,484
2014150,107,721,578
2014151,391,856,325
2014152,821,437,200
2014153,392,529,950
2014154,115,480,065
2014155,677,392,688
2014156,419,730,195
2014157,575,307,337
2014158,411,490,535
2014159,312,782,118
2014160,045,536,903
2014161,946,938,986
2014162,587,812,823
2014163,668,812,980
2014164,341,395,978
2014165,466,467,479
2014166,316,687,756
2014167,986,932,607
2014168,481,721,276
2014169,279,635,558
2014170,630,481,854
2014171,631,925,179
2014172,843,807,206
2014173,359,632,008
2014174,659,475,517
2014175,347,921,311
2014176,685,590,505
2014177,260,125,521
2014178,077,457,775
2014179,130,695,115
2014180,199,847,239
2014181,806,352,311
2014182,804,794,965
2014183,987,273,291
2014184,397,580,447
2014185,636,425,882
2014186,284,761,359
2014187,876,018,502
2014188,965,493,216
2014189,858,378,932
2014190,597,632,922
2014191,411,168,331
2014192,208,529,156
2014193,531,743,644
2014194,626,675,628
2014195,895,493,002
2014196,883,267,863
2014197,832,469,557
2014198,980,750,126
2014199,648,436,515
2014200,583,271,654
2014201,363,940,205
2014202,627,438,095
2014203,648,954,332
2014204,284,327,001
2014205,272,091,092
2014206,657,429,135
2014207,258,463,092
2014208,241,371,714
2014209,194,569,269
2014210,585,748,126
2014211,697,370,938
2014212,553,529,143
2014213,447,467,540
2014214,770,934,251
2014215,175,305,774
2014216,938,632,503
2014217,354,527,399
2014218,238,647,701
2014219,859,165,612
2014220,628,372,171
2014221,384,742,959
2014222,672,612,005
2014223,444,057,526
2014224,689,364,726
2014225,902,815,480
2014226,675,075,407
2014227,703,926,740
2014228,855,651,295
2014229,681,073,537
2014230,688,941,708
2014231,803,257,583
2014232,119,476,594
2014233,283,058,856
2014234,580,490,605
2014235,330,327,751
2014236,430,813,389
2014237,260,263,425
2014238,425,192,026
2014239,552,716,682
2014240,411,394,072
2014241,143,856,670
2014242,124,378,581
2014243,876,596,352
2014244,122,745,426
2014245,608,290,904
2014246,627,536,771
2014247,714,415,235
2014248,708,687,068
2014249,281,923,694
2014250,180,307,007
2014251,424,364,460
2014252,902,572,169
2014253,298,650,463
2014254,031,681,920
2014255,395,492,496
2014256,767,074,992
2014257,194,527,900
2014258,718,680,593
2014259,551,374,692
2014260,578,952,670
2014261,988,429,649
2014262,941,745,221
2014263,304,370,388
2014264,395,612,730
2014265,502,920,632
2014266,582,168,293
2014267,162,357,800
2014268,621,529,911
2014269,942,365,793
2014270,275,567,982
2014271,392,107,339
2014272,478,641,502
2014273,370,586,094
2014274,361,592,306
2014275,897,427,097
2014276,460,580,111
2014277,669,938,029
2014278,209,276,053
2014279,066,583,215
2014280,524,612,412
2014281,339,367,679
2014282,684,541,911
2014283,150,491,161
2014284,670,782,163
2014285,139,532,520
2014286,667,490,356
2014287,738,748,005
2014288,100,950,977
2014289,475,497,884
2014290,076,916,943
2014291,073,352,513
2014292,802,976,414
2014293,081,273,667
2014294,817,526,250
2014295,829,368,772
2014296,924,364,402
2014297,161,781,557
2014298,011,467,782
2014299,557,512,451
2014300,605,382,841
2014301,213,182,217
2014302,605,438,746
2014303,949,547,494
2014304,041,672,039
2014305,474,816,945
2014306,391,283,111
2014307,642,274,104
2014308,429,596,261
2014309,461,072,606
2014310,963,637,326
2014311,296,058,292
2014312,308,725,388
2014313,192,486,699
2014314,713,278,511
2014315,312,534,670
2014316,678,647,939
2014317,041,394,124
2014318,382,750,181
2014319,774,953,883
2014320,182,367,437
2014321,974,083,561
2014322,667,452,562
2014323,945,016,541
2014324,935,764,291
2014325,288,348,416
2014326,978,814,315
2014327,088,492,481
2014328,362,851,171
2014329,785,076,134
2014330,614,094,914
2014331,287,743,929
2014332,330,705,285
2014333,437,493,327
2014334,142,529,053
2014335,407,873,883
2014336,513,059,629
2014337,668,704,916
2014338,917,436,469
2014339,649,081,460
2014340,370,835,154
2014341,773,549,416
2014342,797,918,348
2014343,614,370,382
2014344,209,295,718
2014345,695,834,544
2014346,351,307,001
2014347,998,827,307
2014348,522,439,382
2014349,771,367,320
2014350,223,097,243
2014351,505,468,989
2014352,727,372,237
2014353,515,453,173
2014354,713,976,001
2014355,773,249,468
2014356,371,956,898
2014357,610,490,805
2015001,245,384,027
2015002,047,637,196
2015003,029,382,312
2015004,937,481,173
2015005,031,612,331
2015006,053,725,360
2015007,055,294,173
2015008,919,837,199
2015009,730,290,032
2015010,599,853,305
2015011,660,942,754
2015012,047,287,155
2015013,764,493,975
2015014,402,625,277
2015015,207,980,655
2015016,656,491,928
2015017,027,372,148
2015018,902,549,448
2015019,909,165,233
2015020,731,483,325
2015021,700,742,152
2015022,982,382,045
2015023,325,241,111
2015024,875,784,733
2015025,218,290,841
2015026,068,549,039
2015027,452,740,658
2015028,283,394,689
2015029,367,527,102
2015030,278,058,474
2015031,117,601,227
2015032,711,536,451
2015033,150,038,326
2015034,178,867,030
2015035,744,352,251
2015036,275,839,184
2015037,833,059,378
2015038,043,634,298
2015039,094,452,133
2015040,076,781,460
2015041,794,532,445
2015042,521,863,019
2015043,224,487,764
2015044,861,160,503
2015045,656,072,224
2015046,636,763,925
2015047,799,487,896
2015048,472,563,579
2015049,043,348,793
2015050,683,512,543
2015051,163,274,497
2015052,197,081,401
2015053,622,538,022
2015054,395,239,414
2015055,464,946,110
2015056,783,374,618
2015057,856,529,685
2015058,569,370,015
2015059,889,301,944
2015060,640,182,553
2015061,285,273,418
2015062,827,635,962
2015063,547,095,227
2015064,368,365,768
2015065,799,716,493
2015066,688,950,612
2015067,442,156,454
2015068,757,049,010
2015069,158,372,325
2015070,196,634,237
2015071,807,827,344
2015072,561,491,115
2015073,680,492,107
2015074,840,348,038
2015075,490,516,665
2015076,288,938,449
2015077,301,475,408
2015078,491,186,183
2015079,622,054,638
2015080,810,217,591
2015081,224,649,669
2015082,069,427,604
2015083,178,491,671
2015084,718,735,662
2015085,947,845,655
2015086,472,392,281
2015087,314,536,421
2015088,955,638,213
2015089,836,532,562
2015090,899,478,892
2015091,349,927,238
2015092,634,631,354
2015093,367,827,502
2015094,565,429,862
2015095,746,370,728
2015096,796,184,747
2015097,268,628,116
2015098,309,457,097
2015099,326,813,559
2015100,887,752,483
2015101,438,618,809
2015102,936,370,136
2015103,776,458,120
2015104,674,237,081
2015105,139,540,738
2015106,241,920,047
2015107,415,549,915
2015108,758,058,222
2015109,474,370,019
2015110,988,348,641
2015111,871,057,712
2015112,451,726,097
2015113,405,385,158
2015114,844,031,196
2015115,598,356,734
2015116,771,125,796
2015117,716,837,564
2015118,607,643,978
2015119,079,059,134
2015120,784,261,837
2015121,227,452,116
2015122,274,839,132
2015123,240,405,978
2015124,599,617,336
2015125,259,948,101
2015126,971,732,215
2015127,097,627,097
2015128,313,452,576
2015129,055,239,173
2015130,218,581,501
2015131,471,432,025
2015132,685,837,484
2015133,001,029,351
2015134,661,407,241
2015135,231,362,181
2015136,378,437,322
2015137,239,059,733
2015138,182,527,728
2015139,339,236,714
2015140,755,503,631
2015141,812,829,016
2015142,360,437,569
2015143,880,526,976
2015144,980,418,675
2015145,197,279,120
2015146,461,501,210
2015147,331,856,355
2015148,750,074,559
2015149,022,416,861
2015150,275,279,182
2015151,430,034,740
2015152,660,526,564
2015153,451,386,392
2015154,411,274,465
2015155,188,169,675
2015156,827,438,495
2015157,222,250,537
2015158,037,812,299
2015159,847,427,598
2015160,297,075,655
2015161,823,809,331
2015162,039,065,463
2015163,030,492,674
2015164,133,295,911
2015165,567,347,005
2015166,189,347,343
2015167,601,072,684
2015168,306,593,684
2015169,511,529,468
2015170,313,084,743
2015171,672,536,048
2015172,864,185,152
2015173,498,071,353
2015174,503,634,373
2015175,743,160,385
2015176,773,923,777
2015177,605,257,423
2015178,141,248,258
2015179,381,816,397
2015180,702,504,828
2015181,281,387,996
2015182,417,416,793
2015183,731,870,272
2015184,119,529,653
2015185,870,387,137
2015186,519,259,775
2015187,878,635,401
2015188,663,382,664
2015189,224,816,763
2015190,408,982,156
2015191,713,374,813
2015192,774,507,914
2015193,416,652,373
2015194,651,720,864
2015195,781,738,927
2015196,813,840,286
2015197,580,478,004
2015198,577,091,493
2015199,131,762,494
2015200,553,694,140
2015201,905,475,683
2015202,925,572,090
2015203,988,243,459
2015204,644,816,894
2015205,313,158,734
2015206,090,530,144
2015207,635,807,558
2015208,253,526,267
2015209,547,378,040
2015210,508,792,962
2015211,701,049,644
2015212,896,180,107
2015213,205,762,582
2015214,241,193,167
2015215,216,561,141
2015216,053,427,138
2015217,365,165,972
2015218,199,734,766
2015219,566,923,541
2015220,884,647,324
2015221,065,567,728
2015222,550,946,314
2015223,801,472,827
2015224,810,470,659
2015225,234,736,091
2015226,145,047,678
2015227,187,835,199
2015228,290,964,345
2015229,671,507,306
2015230,952,356,735
2015231,683,049,919
2015232,811,437,206
2015233,432,164,546
2015234,454,783,314
2015235,107,607,000
2015236,264,481,745
2015237,107,683,506
2015238,267,473,896
2015239,899,392,055
2015240,462,370,558
2015241,957,871,477
2015242,764,625,461
2015243,899,057,543
2015244,887,612,658
2015245,831,398,560
2015246,313,067,323
2015247,498,725,724
2015248,995,802,166
2015249,319,376,963
2015250,873,940,889
2015251,668,467,775
2015252,967,506,213
2015253,514,892,664
2015254,178,368,114
2015255,835,830,455
2015256,722,674,732
2015257,889,219,674
2015258,555,407,885
2015259,064,439,264
2015260,118,720,180
2015261,320,921,148
2015262,963,073,000
2015263,082,347,636
2015264,914,275,517
2015265,019,485,154
2015266,752,831,850
2015267,787,643,243
2015268,334,065,389
2015269,777,863,329
2015270,705,670,188
2015271,191,490,279
2015272,828,618,749
2015273,790,054,484
2015274,755,925,328
2015275,446,652,344
2015276,011,182,443
2015277,706,156,630
2015278,845,853,955
2015279,612,708,698
2015280,981,801,435
2015281,144,748,931
2015282,864,586,898
2015283,915,527,448
2015284,577,647,114
2015285,508,362,279
2015286,020,497,238
2015287,977,074,560
2015288,999,283,717
2015289,696,392,484
2015290,795,457,116
2015291,896,837,303
2015292,100,425,870
2015293,920,037,861
2015294,628,481,412
2015295,232,735,989
2015296,361,425,486
2015297,888,947,629
2015298,236,463,424
2015299,657,845,435
2015300,256,728,960
2015301,271,457,208
2015302,120,834,877
2015303,475,356,573
2015304,751,861,202
2015305,602,640,682
2015306,392,785,714
2015307,473,843,979
2015308,849,641,671
2015309,899,782,568
2015310,516,437,575
2015311,656,382,805
2015312,318,491,295
2015313,008,634,122
2015314,010,407,288
2015315,403,482,303
2015316,869,527,620
2015317,628,481,578
2015318,111,674,842
2015319,860,057,199
2015320,785,271,647
2015321,286,235,201
2015322,939,475,833
2015323,764,702,082
2015324,698,925,590
2015325,607,347,625
2015326,818,493,283
2015327,819,529,423
2015328,373,504,022
2015329,451,251,518
2015330,369,836,835
2015331,070,427,690
2015332,434,305,147
2015333,980,564,696
2015334,261,375,910
2015335,996,492,857
2015336,369,274,586
2015337,624,451,466
2015338,254,530,526
2015339,014,387,148
2015340,079,273,731
2015341,070,526,985
2015342,642,453,807
2015343,655,830,397
2015344,134,921,524
2015345,612,790,789
2015346,229,367,810
2015347,232,930,899
2015348,997,792,167
2015349,680,530,938
2015350,461,451,984
2015351,993,352,883
2015352,438,475,528
2015353,391,049,434
2015354,356,736,718
2015355,344,581,101
2015356,475,459,251
2015357,258,638,228
2015358,261,492,481
2016001,879,937,555
2016002,273,057,475
2016003,159,649,330
2016004,671,780,962
2016005,581,945,559
2016006,709,832,829
2016007,952,627,305
2016008,583,490,978
2016009,353,627,623
2016010,802,438,973
2016011,815,641,603
2016012,180,372,085
2016013,324,463,113
2016014,938,290,184
2016015,349,504,085
2016016,447,271,581
2016017,531,091,966
2016018,563,850,069
2016019,278,728,259
2016020,521,041,911
2016021,699,356,400
2016022,916,910,661
2016023,729,647,582
2016024,624,507,484
2016025,110,932,479
2016026,324,561,788
2016027,280,052,565
2016028,416,791,541
2016029,026,627,940
2016030,293,574,305
2016031,592,059,279
2016032,778,537,681
2016033,387,453,742
2016034,606,561,406
2016035,981,945,581
2016036,968,304,511
2016037,468,853,967
2016038,960,547,171
2016039,248,729,795
2016040,143,083,759
2016041,519,651,545
2016042,701,638,912
2016043,557,854,662
2016044,010,437,327
2016045,692,208,374
2016046,383,453,162
2016047,606,932,269
2016048,851,186,831
2016049,739,075,783
2016050,731,294,718
2016051,528,506,625
2016052,641,038,081
2016053,949,297,870
2016054,328,516,620
2016055,553,057,133
2016056,941,427,561
2016057,543,379,867
2016058,126,238,913
2016059,741,047,966
2016060,039,293,645
2016061,754,183,115
2016062,803,527,823
2016063,356,495,354
2016064,062,670,568
2016065,450,329,920
2016066,181,841,112
2016067,001,536,721
2016068,075,057,371
2016069,643,594,023
2016070,896,291,926
2016071,650,437,890
2016072,020,049,872
2016073,815,938,466
2016074,777,532,945
2016075,845,874,788
2016076,644,037,274
2016077,717,485,814
2016078,908,372,526
2016079,075,254,600
2016080,261,384,698
2016081,635,497,609
2016082,640,784,358
2016083,289,392,980
2016084,282,734,090
2016085,967,710,972
2016086,249,350,558
2016087,099,340,487
2016088,473,815,957
2016089,111,186,242
2016090,954,073,894
2016091,405,185,334
2016092,875,836,902
2016093,622,279,078
2016094,824,534,821
2016095,704,367,960
2016096,348,182,830
2016097,532,562,607
2016098,414,029,160
2016099,217,243,965
2016100,551,380,373
2016101,061,637,193
2016102,282,459,066
2016103,126,921,964
2016104,900,583,452
2016105,699,418,618
2016106,043,374,718
2016107,238,529,653
2016108,480,057,096
2016109,100,297,663
2016110,650,594,017
2016111,336,438,982
2016112,340,956,277
2016113,679,652,862
2016114,981,453,676
2016115,631,648,506
2016116,425,954,735
2016117,326,613,331
2016118,703,487,896
2016119,308,829,310
2016120,936,495,415
2016121,843,547,223
2016122,762,367,351
2016123,708,485,857
2016124,914,461,971
2016125,594,637,108
2016126,134,207,819
2016127,957,647,070
2016128,123,461,670
2016129,641,295,477
2016130,862,938,691
2016131,753,537,680
2016132,453,849,469
2016133,691,716,449
2016134,107,564,811
2016135,732,490,995
2016136,619,581,219
2016137,393,450,327
2016138,560,516,000
2016139,250,483,393
2016140,787,945,053
2016141,688,465,098
2016142,435,327,044
2016143,503,716,029
2016144,625,274,360
2016145,941,940,070
2016146,761,872,354
2016147,989,493,586
2016148,813,526,207
2016149,753,647,624
2016150,912,284,277
2016151,336,435,887
2016152,498,940,512
2016153,174,376,788
2016154,839,394,296
2016155,784,470,553
2016156,278,635,002
2016157,151,493,423
2016158,920,920,696
2016159,691,374,729
2016160,017,382,523
2016161,041,864,854
2016162,634,275,038
2016163,033,935,000
2016164,273,581,674
2016165,041,380,062
2016166,396,945,675
2016167,249,257,562
2016168,119,078,165
2016169,706,457,826
2016170,909,358,328
2016171,598,537,900
2016172,323,470,006
2016173,695,549,641
2016174,007,781,050
2016175,641,394,583
2016176,712,580,692
2016177,195,094,191
2016178,244,843,582
2016179,387,980,517
2016180,659,452,090
2016181,869,841,534
2016182,489,370,614
2016183,695,527,090
2016184,703,286,674
2016185,380,854,906
2016186,618,492,726
2016187,139,590,050
2016188,099,627,038
2016189,790,879,311
2016190,823,483,450
2016191,308,751,075
2016192,661,169,945
2016193,695,827,746
2016194,407,483,170
2016195,610,625,972
2016196,907,473,609
2016197,915,635,876
2016198,303,436,150
2016199,347,278,901
2016200,932,925,463
2016201,320,704,146
2016202,784,498,431
2016203,975,952,096
2016204,329,458,094
2016205,499,683,952
2016206,173,510,942
2016207,596,805,207
2016208,950,732,911
2016209,023,463,778
2016210,279,539,837
2016211,634,452,504
2016212,038,461,461
2016213,173,274,031
2016214,942,942,594
2016215,144,370,269
2016216,334,352,610
2016217,038,927,092
2016218,233,815,318
2016219,410,904,241
2016220,367,875,734
2016221,808,521,519
2016222,404,370,653
2016223,297,295,928
2016224,278,463,801
2016225,212,079,715
2016226,289,356,633
2016227,698,617,201
2016228,188,381,081
2016229,378,530,974
2016230,497,294,495
2016231,458,623,922
2016232,132,069,711
2016233,694,950,270
2016234,204,837,189
2016235,554,358,700
2016236,891,629,946
2016237,531,502,979
2016238,037,804,021
2016239,560,926,310
2016240,087,491,199
2016241,499,526,010
2016242,395,816,904
2016243,446,647,600
2016244,699,580,261
2016245,760,370,406
2016246,319,582,216
2016247,441,152,700
2016248,139,653,886
2016249,109,482,265
2016250,416,837,014
2016251,860,750,424
2016252,052,732,522
2016253,265,930,104
2016254,564,481,399
2016255,451,391,789
2016256,628,830,308
2016257,976,547,609
2016258,266,290,064
2016259,328,583,843
2016260,061,439,268
2016261,049,450,617
2016262,659,872,244
2016263,489,375,591
2016264,898,643,069
2016265,525,415,548
2016266,914,650,144
2016267,989,864,791
2016268,105,380,644
2016269,860,457,658
2016270,411,728,339
2016271,443,182,964
2016272,373,376,921
2016273,565,297,404
2016274,883,950,387
2016275,874,182,610
2016276,277,907,477
2016277,085,635,339
2016278,435,249,494
2016279,624,627,808
2016280,378,350,997
2016281,998,452,787
2016282,626,069,316
2016283,740,538,141
2016284,143,819,790
2016285,848,276,398
2016286,907,379,421
2016287,621,253,773
2016288,010,945,091
2016289,359,368,825
2016290,430,670,936
2016291,137,841,372
2016292,507,546,291
2016293,326,368,185
2016294,334,915,645
2016295,789,750,844
2016296,784,832,095
2016297,160,258,089
2016298,651,657,517
2016299,045,364,018
2016300,805,426,589
2016301,572,943,632
2016302,656,245,389
2016303,801,489,961
2016304,856,347,634
2016305,744,479,115
2016306,073,983,162
2016307,997,925,066
2016308,743,172,995
2016309,830,718,231
2016310,045,824,814
2016311,398,197,225
2016312,113,960,459
2016313,373,647,648
2016314,157,182,968
2016315,888,263,705
2016316,774,149,943
2016317,243,468,124
2016318,470,189,291
2016319,557,096,563
2016320,529,376,429
2016321,832,679,923
2016322,153,389,955
2016323,877,681,133
2016324,663,497,760
2016325,961,298,823
2016326,690,489,041
2016327,831,349,347
2016328,709,483,395
2016329,244,017,834
2016330,318,287,539
2016331,983,581,427
2016332,776,038,827
2016333,054,905,410
2016334,189,694,531
2016335,550,108,879
2016336,097,723,808
2016337,299,493,499
2016338,301,769,190
2016339,262,208,656
2016340,493,546,412
2016341,151,750,844
2016342,448,932,976
2016343,225,873,913
2016344,367,067,925
2016345,559,681,617
2016346,029,348,686
2016347,806,294,022
2016348,289,536,357
2016349,049,894,828
2016350,383,764,123
2016351,818,251,089
2016352,016,920,998
2016353,084,758,828
2016354,428,398,906
2016355,942,309,851
2016356,125,963,272
2016357,415,142,983
2016358,110,716,430
2016359,883,038,729
2017001,369,209,956
2017002,779,269,979
2017003,650,873,320
2017004,317,407,546
2017005,246,976,249
2017006,888,295,465
2017007,783,397,888
2017008,169,245,702
2017009,202,165,754
2017010,976,306,332
2017011,909,627,534
2017012,125,560,775
2017013,582,703,991
2017014,221,460,898
2017015,950,208,460
2017016,469,546,832
2017017,817,750,923
2017018,315,932,400
2017019,606,873,772
2017020,893,067,257
2017021,854,681,616
2017022,028,348,862
2017023,250,294,111
2017024,709,536,472
2017025,359,764,481
2017026,259,047,978
2017027,873,920,150
2017028,193,481,579
2017029,272,398,145
2017030,107,378,541
2017031,376,168,579
2017032,237,541,394
2017033,114,419,505
2017034,348,068,563
2017035,624,589,192
2017036,650,368,647
2017037,897,259,586
2017038,134,345,589
2017039,395,743,997
2017040,899,129,408
2017041,480,741,631
2017042,000,058,961
2017043,050,034,835
2017044,861,689,805
2017045,679,296,792
2017046,570,189,714
2017047,945,538,192
2017048,557,258,045
2017049,036,236,649
2017050,278,761,966
2017051,702,357,828
2017052,731,012,889
2017053,652,954,747
2017054,754,896,069
2017055,276,489,552
2017056,102,358,297
2017057,242,109,207
2017058,262,256,056
2017059,143,596,362
2017060,868,614,873
2017061,454,943,019
2017062,975,078,761
2017063,864,785,450
2017064,158,178,277
2017065,577,091,789
2017066,322,369,159
2017067,644,039,766
2017068,910,368,685
2017069,518,639,610
2017070,231,896,806
2017071,882,162,434
2017072,174,089,241
2017073,075,917,445
2017074,576,587,983
2017075,787,678,607
2017076,074,189,631
2017077,020,493,073
2017078,449,094,676
2017079,487,357,294
2017080,735,479,759
2017081,129,457,167
2017082,625,358,049
2017083,105,126,730
2017084,822,089,700
2017085,560,367,553
2017086,697,689,934
2017087,377,618,486
2017088,366,019,810
2017089,518,714,742
2017090,390,378,526
2017091,341,015,294
2017092,305,468,651
2017093,840,078,738
2017094,573,019,588
2017095,593,169,383
2017096,470,136,204
2017097,749,246,701
2017098,407,812,090
2017099,046,489,277
2017100,596,156,450
2017101,809,579,431
2017102,698,456,293
2017103,350,147,589
2017104,524,267,061
2017105,421,379,085
2017106,936,129,347
2017107,725,134,840
2017108,557,374,892
2017109,488,341,048
2017110,266,963,686
2017111,331,348,880
2017112,695,346,609
2017113,745,268,127
2017114,167,958,476
2017115,160,016,933
2017116,814,358,320
2017117,731,367,710
2017118,605,468,383
2017119,509,589,373
2017120,284,869,880
2017121,439,157,138
2017122,045,049,076
2017123,008,064,789
2017124,015,678,900
2017125,878,185,910
2017126,499,964,281
2017127,623,148,090
2017128,055,164,535
2017129,566,038,333
2017130,676,245,593
2017131,482,568,261
2017132,556,349,753
2017133,920,368,316
2017134,359,023,292
2017135,077,569,793
2017136,888,358,043
2017137,119,018,366
2017138,181,024,426
2017139,695,168,220
2017140,614,469,633
2017141,115,048,561
2017142,877,356,033
2017143,698,184,336
2017144,585,489,241
2017145,945,349,413
2017146,549,084,183
2017147,299,489,277
2017148,739,034,080
2017149,739,659,277
2017150,113,126,104
2017151,076,038,626
2017152,707,358,720
2017153,608,168,005
2017154,363,156,271
2017155,935,849,160
2017156,248,356,114
2017157,173,149,249
2017158,285,489,110
2017159,872,479,634
2017160,210,458,464
2017161,797,056,017
2017162,398,038,970
2017163,008,139,335
2017164,312,057,391
2017165,333,159,011
2017166,496,349,078
2017167,471,257,395
2017168,136,157,964
2017169,854,127,884
2017170,881,257,345
2017171,346,168,354
2017172,558,149,090
2017173,694,371,658
2017174,414,067,469
2017175,001,976,797
2017176,276,014,495
2017177,975,438,126
2017178,744,579,981
2017179,159,029,424
2017180,364,268,412
2017181,569,643,330
2017182,148,647,425
2017183,994,156,881
2017184,899,489,568
2017185,228,789,043
2017186,033,149,696
2017187,613,386,968
2017188,741,258,602
2017189,562,269,072
2017190,883,538,806
2017191,567,138,137
2017192,406,478,645
2017193,352,158,045
2017194,466,347,080
2017195,686,379,683
2017196,174,467,796
2017197,681,694,278
2017198,703,981,465
2017199,367,356,230
2017200,827,893,889
2017201,358,289,926
2017202,996,124,311
2017203,070,168,487
2017204,053,258,160
2017205,770,536,052
2017206,344,167,659
2017207,331,159,405
2017208,822,347,033
2017209,354,358,747
2017210,256,876,936
2017211,124,465,686
2017212,716,139,125
2017213,986,478,129
2017214,313,127,710
2017215,369,134,512
2017216,063,496,652
2017217,812,439,483
2017218,911,368,562
2017219,513,348,187
2017220,287,157,122
2017221,857,689,904
2017222,731,469,846
2017223,778,108,678
2017224,265,458,284
2017225,801,678,818
2017226,903,108,833
2017227,885,306,780
2017228,535,348,895
2017229,707,039,972
2017230,598,069,765
2017231,748,489,644
2017232,091,134,844
2017233,952,924,855
2017234,895,578,561
2017235,362,863,627
2017236,937,386,241
2017237,135,578,833
2017238,517,309,870
2017239,389,345,927
2017240,591,089,852
2017241,664,137,314
2017242,237,189,224
2017243,751,048,065
2017244,048,356,145
2017245,284,569,379
2017246,778,068,017
2017247,370,459,411
2017248,856,459,234
2017249,302,689,511
2017250,142,347,611
2017251,951,368,697
2017252,387,358,313
2017253,326,569,340
2017254,639,618,213
2017255,521,679,988
2017256,362,348,130
2017257,234,329,504
2017258,361,456,145
2017259,481,147,533
2017260,095,417,204
2017261,686,356,429
2017262,912,536,597
2017263,672,459,052
2017264,933,147,931
2017265,372,189,541
2017266,203,234,350
2017267,770,126,848
2017268,578,189,687
2017269,938,146,995
2017270,135,857,408
2017271,428,357,992
2017272,934,129,821
2017273,267,458,659
2017274,944,349,676
2017275,898,167,823
2017276,887,168,966
2017277,557,147,032
2017278,902,124,491
2017279,453,058,289
2017280,658,468,348
2017281,609,115,760
2017282,568,419,460
2017283,355,489,017
2017284,131,458,748
2017285,434,875,560
2017286,512,817,610
2017287,285,568,527
2017288,300,468,226
2017289,236,137,531
2017290,285,056,652
2017291,765,268,894
2017292,715,178,628
2017293,669,078,331
2017294,757,569,395
2017295,723,578,722
2017296,959,013,987
2017297,462,564,492
2017298,218,048,732
2017299,921,926,365
2017300,050,148,610
2017301,391,365,253
2017302,241,068,817
2017303,497,069,759
2017304,109,147,526
2017305,420,487,650
2017306,817,249,156
2017307,517,354,856
2017308,710,146,219
2017309,879,047,689
2017310,136,147,878
2017311,979,148,645
2017312,114,348,336
2017313,232,928,594
2017314,300,096,251
2017315,791,138,589
2017316,723,358,607
2017317,771,047,915
2017318,856,479,328
2017319,105,459,109
2017320,543,358,808
2017321,188,124,901
2017322,419,467,649
2017323,280,814,243
2017324,637,389,227
2017325,406,089,985
2017326,490,245,173
2017327,351,948,978
2017328,030,168,296
2017329,913,389,986
2017330,430,158,807
2017331,782,345,481
2017332,804,358,020
2017333,442,349,526
2017334,905,459,357
2017335,705,389,590
2017336,775,382,029
2017337,444,567,127
2017338,901,731,580
2017339,853,059,430
2017340,714,578,811
2017341,162,478,517
2017342,960,178,836
2017343,861,138,603
2017344,698,479,664
2017345,173,368,564
2017346,861,638,751
2017347,666,369,068
2017348,311,178,731
2017349,537,346,972
2017350,726,806,048
2017351,109,246,945
2017352,855,569,122
2017353,094,048,616
2017354,294,194,417
2017355,031,069,206
2017356,647,146,256
2017357,665,043,517
2017358,612,467,131
2018001,326,257,480
2018002,928,234,864
2018003,736,058,802
2018004,393,256,249
2018005,828,234,364
2018006,720,148,657
2018007,021,248,552
2018008,583,852,737
2018009,813,029,168
2018010,858,124,384
2018011,078,173,482
2018012,891,472,696
2018013,746,528,408
2018014,084,375,748
2018015,875,561,375
2018016,401,326,114
2018017,659,659,992
2018018,810,391,687
2018019,179,762,855
2018020,749,543,952
2018021,272,158,614
2018022,992,658,531
2018023,102,479,377
2018024,664,479,832
2018025,647,013,981
2018026,932,935,822
2018027,973,058,077
2018028,828,261,414
2018029,313,804,426
2018030,682,056,970
2018031,328,764,231
2018032,712,391,988
2018033,767,940,400
2018034,676,504,756
2018035,856,181,419
2018036,365,632,844
2018037,695,791,107
2018038,859,024,229
2018039,706,417,924
2018040,684,283,428
2018041,651,950,362
2018042,131,483,574
2018043,527,672,941
2018044,902,329,561
2018045,203,165,200
2018046,347,846,320
2018047,558,507,388
2018048,693,791,028
2018049,541,318,194
2018050,875,024,471
2018051,620,236,773
2018052,369,159,140
2018053,154,478,298
2018054,325,650,792
2018055,160,742,921
2018056,908,813,622
2018057,977,944,743
2018058,723,065,304
2018059,947,127,702
2018060,767,386,453
2018061,525,590,642
2018062,792,432,217
2018063,613,174,989
2018064,339,608,406
2018065,848,751,198
2018066,095,259,246
2018067,858,043,981
2018068,448,267,332
2018069,119,815,847
2018070,567,930,455
2018071,779,466,463
2018072,473,102,548
2018073,275,571,676
2018074,815,689,786
2018075,861,304,966
2018076,785,923,795
2018077,246,239,061
2018078,616,618,670
2018079,369,845,521
2018080,879,097,179
2018081,758,436,052
2018082,549,150,157
2018083,266,782,948
2018084,519,936,429
2018085,903,204,719
2018086,186,541,396
2018087,513,379,727
2018088,099,068,017
2018089,668,925,882
2018090,671,417,662
2018091,102,753,214
2018092,231,890,632
2018093,209,642,063
2018094,136,134,364
2018095,241,579,850
2018096,243,906,973
2018097,038,281,647
2018098,665,367,575
2018099,919,458,475
2018100,270,793,087
2018101,345,612,752
2018102,573,045,259
2018103,222,870,246
2018104,717,326,755
2018105,847,837,869
2018106,336,194,895
2018107,663,502,107
2018108,692,281,141
2018109,218,301,926
2018110,940,741,700
2018111,720,168,974
2018112,955,075,111
2018113,615,615,101
2018114,441,472,719
2018115,999,673,682
2018116,003,089,362
2018117,043,639,714
2018118,930,512,225
2018119,978,796,694
2018120,498,854,943
2018121,761,260,224
2018122,181,318,937
2018123,906,427,784
2018124,689,905,507
2018125,832,173,147
2018126,361,372,042
2018127,020,846,321
2018128,033,451,725
2018129,356,917,922
2018130,245,084,975
2018131,297,520,173
2018132,966,639,862
2018133,691,685,519
2018134,617,701,308
2018135,698,243,687
2018136,643,158,187
2018137,537,092,514
2018138,068,764,413
2018139,447,316,705
2018140,133,684,239
2018141,536,270,743
2018142,937,935,973
2018143,454,417,161
2018144,091,821,121
2018145,386,693,695
2018146,569,548,088
2018147,636,175,332
2018148,087,302,933
2018149,923,489,229
2018150,335,731,806
2018151,514,056,144
2018152,258,267,234
2018153,329,943,680
2018154,669,846,775
2018155,289,510,438
2018156,324,418,230
2018157,022,729,796
2018158,363,354,940
2018159,340,416,715
2018160,477,802,855
2018161,794,615,880
2018162,137,593,330
2018163,869,074,318
2018164,157,182,246
2018165,902,630,547
2018166,941,974,469
2018167,489,235,826
2018168,174,718,808
2018169,530,869,841
2018170,117,345,945
2018171,819,627,640
2018172,513,901,851
2018173,463,483,630
2018174,886,756,783
2018175,338,127,680
2018176,235,390,209
2018177,102,548,761
2018178,336,269,208
2018179,724,037,509
2018180,761,851,119
2018181,498,964,470
2018182,329,453,102
2018183,359,236,052
2018184,473,075,399
2018185,570,612,303
2018186,141,789,972
2018187,807,340,130
2018188,048,526,792
2018189,760,497,153
2018190,556,138,311
2018191,503,379,020
2018192,893,205,906
2018193,061,641,395
2018194,375,783,530
2018195,736,952,154
2018196,005,367,304
2018197,150,014,754
2018198,379,829,672
2018199,510,578,442
2018200,350,436,139
2018201,615,193,200
2018202,614,240,586
2018203,045,534,804
2018204,042,681,249
2018205,418,792,460
2018206,626,307,776
2018207,756,465,740
2018208,452,823,934
2018209,950,916,018
2018210,829,419,920
2018211,628,058,327
2018212,578,271,174
2018213,203,630,714
2018214,881,142,658
2018215,425,985,695
2018216,821,763,314
2018217,587,835,167
2018218,697,269,525
2018219,391,957,805
2018220,648,204,901
2018221,014,816,780
2018222,173,375,975
2018223,499,428,288
2018224,030,025,816
2018225,160,381,417
2018226,967,697,802
2018227,977,543,083
2018228,470,760,764
2018229,556,132,705
2018230,750,894,353
2018231,629,789,197
2018232,715,516,182
2018233,579,308,491
2018234,953,274,712
2018235,828,962,234
2018236,642,851,201
2018237,631,026,761
2018238,720,342,034
2018239,749,258,799
2018240,506,197,768
2018241,215,613,575
2018242,623,480,900
2018243,639,735,394
2018244,364,529,347
2018245,351,024,636
2018246,603,861,641
2018247,626,974,353
2018248,251,153,757
2018249,636,306,089
2018250,551,245,079
2018251,983,798,275
2018252,067,649,715
2018253,098,513,753
2018254,657,402,535
2018255,289,827,630
2018256,087,961,048
2018257,094,134,438
2018258,300,469,175
2018259,010,453,011
2018260,474,615,420
2018261,809,870,474
2018262,532,297,537
2018263,813,326,691
2018264,004,941,302
2018265,648,582,047
2018266,621,076,198
2018267,001,739,926
2018268,728,254,826
2018269,659,274,843
2018270,349,235,262
2018271,536,235,773
2018272,085,495,367
2018273,457,457,811
2018274,557,108,440
2018275,264,360,281
2018276,261,692,600
2018277,709,743,605
2018278,563,518,156
2018279,375,024,668
2018280,669,374,481
2018281,947,986,103
2018282,617,327,727
2018283,558,291,045
2018284,634,560,084
2018285,982,842,867
2018286,691,139,338
2018287,387,269,815
2018288,344,457,835
2018289,954,708,436
2018290,036,358,773
2018291,935,621,347
2018292,922,942,616
2018293,895,287,941
2018294,537,567,721
2018295,513,514,973
2018296,881,196,012
2018297,289,083,681
2018298,111,470,226
2018299,331,325,672
2018300,777,641,020
2018301,926,352,313
2018302,883,709,379
2018303,810,864,640
2018304,340,513,695
2018305,845,285,518
2018306,316,027,354
2018307,837,956,044
2018308,682,816,306
2018309,380,198,429
2018310,347,365,215
2018311,081,490,015
2018312,256,571,494
2018313,289,632,077
2018314,787,248,483
2018315,088,760,348
2018316,708,932,702
2018317,203,725,993
2018318,870,209,295
2018319,216,629,963
2018320,565,159,433
2018321,837,910,541
2018322,130,107,085
2018323,924,194,006
2018324,319,162,626
2018325,061,643,156
2018326,454,135,433
2018327,432,784,613
2018328,481,087,695
2018329,165,059,944
2018330,171,938,279
2018331,108,850,374
2018332,388,839,262
2018333,288,103,924
2018334,349,462,522
2018335,407,258,269
2018336,906,207,873
2018337,731,138,256
2018338,178,835,173
2018339,774,963,374
2018340,798,025,286
2018341,799,123,083
2018342,497,197,539
2018343,052,035,315
2018344,397,183,769
2018345,692,670,350
2018346,186,204,251
2018347,513,953,411
2018348,469,735,847
2018349,821,472,728
2018350,322,648,080
2018351,156,036,699
2018352,542,238,717
2018353,589,426,123
2018354,609,632,110
2018355,787,217,818
2018356,611,352,740
2018357,147,692,834
2018358,329,235,604
2019001,644,166,985
2019002,272,517,227
2019003,435,862,831
2019004,118,087,821
2019005,501,954,391
2019006,755,691,365
2019007,370,715,829
2019008,587,234,716
2019009,746,519,192
2019010,538,262,301
2019011,266,309,029
2019012,131,345,509
2019013,910,261,237
2019014,794,193,760
2019015,230,259,796
2019016,683,853,888
2019017,559,269,237
2019018,142,629,655
2019019,797,980,295
2019020,428,291,408
2019021,088,443,627
2019022,173,147,223
2019023,767,914,001
2019024,637,821,897
2019025,237,249,384
2019026,594,158,735
2019027,301,116,039
2019028,741,318,149
2019029,546,154,769
2019030,280,193,786
2019031,793,943,546
2019032,161,421,892
2019033,207,665,313
2019034,667,481,930
2019035,888,529,974
2019036,434,720,593
2019037,756,921,906
2019038,988,426,074
2019039,754,672,795
2019040,754,076,162
2019041,428,550,593
2019042,579,252,692
2019043,096,613,409
2019044,020,326,729
2019045,357,269,778
2019046,145,672,224
2019047,923,418,012
2019048,326,297,580
2019049,801,632,968
2019050,948,159,054
2019051,013,496,135
2019052,527,517,464
2019053,136,691,541
2019054,849,706,546
2019055,128,091,110
2019056,639,315,407
2019057,760,593,413
2019058,020,927,080
2019059,140,327,450
2019060,411,369,852
2019061,094,062,750
2019062,408,536,815
2019063,971,236,018
2019064,587,817,404
2019065,032,251,086
2019066,308,170,471
2019067,488,351,152
2019068,441,516,085
2019069,876,488,144
2019070,798,172,003
2019071,006,074,334
2019072,521,916,648
2019073,330,216,816
2019074,265,209,153
2019075,012,478,170
2019076,005,524,656
2019077,972,219,519
2019078,046,742,833
2019079,539,512,194
2019080,341,018,440
2019081,431,036,147
2019082,871,473,855
2019083,982,912,394
2019084,978,513,354
2019085,505,267,214
2019086,283,596,318
2019087,174,218,064
2019088,936,028,183
2019089,450,249,550
2019090,789,712,408
2019091,526,273,993
2019092,630,169,091
2019093,258,561,674
2019094,891,922,042
2019095,935,379,149
2019096,066,324,941
2019097,243,631,734
2019098,087,128,852
2019099,738,239,590
2019100,487,436,633
2019101,559,036,197
2019102,559,012,210
2019103,750,460,909
2019104,593,663,695
2019105,382,741,456
2019106,040,270,842
2019107,177,815,852
2019108,515,915,575
2019109,136,067,381
2019110,612,512,859
2019111,716,160,653
2019112,922,177,152
2019113,238,285,637
2019114,558,159,027
2019115,466,644,557
2019116,047,370,890
2019117,296,268,850
2019118,418,419,542
2019119,249,854,282
2019120,900,256,913
2019121,608,059,291
2019122,865,136,126
2019123,157,358,623
2019124,211,385,000
2019125,081,761,086
2019126,470,638,745
2019127,758,743,088
2019128,980,471,364
2019129,504,290,762
2019130,298,055,155
2019131,031,528,050
2019132,787,710,015
2019133,219,641,268
2019134,394,694,680
2019135,789,581,165
2019136,670,852,575
2019137,347,349,368
2019138,331,052,566
2019139,849,149,311
2019140,276,491,624
2019141,315,581,495
2019142,792,316,579
2019143,471,309,119
2019144,388,064,662
2019145,315,628,126
2019146,013,724,204
2019147,470,906,949
2019148,362,714,587
2019149,350,825,014
2019150,258,851,212
2019151,347,225,362
2019152,051,672,874
2019153,326,298,973
2019154,632,265,891
2019155,050,744,149
2019156,879,381,878
2019157,626,239,348
2019158,708,564,174
2019159,170,429,602
2019160,135,630,286
2019161,972,416,232
2019162,033,566,596
2019163,894,174,920
2019164,951,705,550
2019165,883,152,332
2019166,531,409,895
2019167,813,140,014
2019168,061,471,818
2019169,060,963,662
2019170,578,246,434
2019171,661,063,204
2019172,416,612,700
2019173,846,972,073
2019174,848,183,587
2019175,464,294,741
2019176,501,763,024
2019177,061,314,698
2019178,796,475,894
2019179,402,029,458
2019180,926,479,819
2019181,168,528,751
2019182,351,467,292
2019183,729,611,164
2019184,060,259,181
2019185,194,616,240
2019186,157,028,082
2019187,112,591,602
2019188,446,253,920
2019189,317,874,494
2019190,464,316,841
2019191,287,470,493
2019192,746,459,542
2019193,943,528,079
2019194,550,947,333
2019195,734,625,029
2019196,853,427,272
2019197,544,553,085
2019198,594,918,023
2019199,003,116,969
2019200,014,150,928
2019201,941,764,063
2019202,249,806,622
2019203,140,921,568
2019204,390,234,452
2019205,500,702,104
2019206,879,506,989
2019207,924,298,321
2019208,674,518,187
2019209,306,473,441
2019210,371,509,391
2019211,123,905,813
2019212,786,276,942
2019213,245,155,451
2019214,780,259,475
2019215,487,305,608
2019216,408,717,376
2019217,361,590,403
2019218,532,091,825
2019219,475,799,203
2019220,010,492,101
2019221,484,024,177
2019222,155,185,290
2019223,405,812,724
2019224,043,803,686
2019225,601,859,776
2019226,252,567,420
2019227,265,476,151
2019228,054,541,563
2019229,845,583,595
2019230,887,026,179
2019231,110,908,765
2019232,789,701,786
2019233,610,474,218
2019234,340,279,831
2019235,770,138,753
2019236,219,503,020
2019237,959,805,644
2019238,217,456,900
2019239,138,749,990
2019240,664,296,370
2019241,608,186,292
2019242,691,285,739
2019243,682,813,766
2019244,575,704,343
2019245,812,752,477
2019246,615,376,231
2019247,670,794,548
2019248,262,173,217
2019249,719,027,559
2019250,575,229,668
2019251,050,054,173
2019252,831,508,167
2019253,281,758,193
2019254,575,619,432
2019255,263,085,408
2019256,018,629,883
2019257,010,567,146
2019258,103,275,432
2019259,989,439,602
2019260,997,072,106
2019261,591,584,328
2019262,103,417,146
2019263,949,015,404
2019264,987,258,715
2019265,999,187,668
2019266,985,648,600
2019267,898,112,214
2019268,373,614,878
2019269,417,184,920
2019270,478,415,425
2019271,695,482,332
2019272,007,723,350
2019273,134,538,116
2019274,493,164,141
2019275,497,397,052
2019276,873,295,224
2019277,046,165,964
2019278,842,629,384
2019279,266,328,139
2019280,061,349,137
2019281,980,781,613
2019282,858,681,118
2019283,444,952,160
2019284,562,156,946
2019285,059,976,182
2019286,293,871,647
2019287,715,926,525
2019288,758,515,146
2019289,362,152,414
2019290,328,508,409
2019291,882,489,041
2019292,068,925,579
2019293,663,145,659
2019294,612,520,426
2019295,877,182,788
2019296,345,693,262
2019297,956,836,436
2019298,335,153,581
2019299,328,904,990
2019300,936,425,384
2019301,109,582,059
2019302,426,945,732
2019303,909,481,828
2019304,465,189,212
2019305,439,165,191
2019306,153,815,126
2019307,036,944,421
2019308,672,141,531
2019309,341,297,086
2019310,765,115,497
2019311,248,093,095
2019312,031,156,413
2019313,048,456,269
2019314,594,081,575
2019315,983,789,471
2019316,885,704,236
2019317,548,563,409
2019318,232,265,330
2019319,333,136,489
2019320,588,395,539
2019321,853,075,720
2019322,044,153,730
2019323,170,308,310
2019324,432,507,956
2019325,798,610,264
2019326,545,216,088
2019327,242,519,596
2019328,125,181,067
2019329,047,674,160
2019330,265,924,648
2019331,883,568,602
2019332,776,917,565
2019333,536,536,883
2019334,000,367,705
2019335,677,249,127
2019336,665,962,284
2019337,959,810,302
2019338,914,678,525
2019339,602,406,712
2019340,051,735,939
2019341,802,516,338
2019342,789,461,878
2019343,538,943,698
2019344,704,011,977
2019345,511,287,152
2019346,472,109,411
2019347,348,685,785
2019348,822,856,210
2019349,878,415,210
2019350,290,206,532
2019351,852,956,257
2020001,087,661,888
2020002,337,167,441
2020003,004,823,368
2020004,807,854,678
2020005,804,953,489
2020006,296,923,148
2020007,496,654,162
2020008,602,811,377
2020009,574,299,330
2020010,389,370,970
2020011,397,601,899
2020012,705,801,892
2020013,447,188,606
2020014,137,147,718
2020015,586,047,875
2020016,251,793,753
2020017,434,862,136
2020018,623,532,328
2020019,049,736,358
2020020,296,250,506
2020021,901,816,427
2020022,485,207,523
2020023,511,918,135
2020024,827,465,587
2020025,143,034,626
2020026,885,773,553
2020027,231,638,205
2020028,265,207,604
2020029,042,490,237
2020030,037,615,466
2020031,818,582,103
2020032,794,349,156
2020033,116,462,555
2020034,531,173,715
2020035,776,815,431
2020036,740,113,568
2020037,683,568,092
2020038,392,094,577
2020039,472,721,637
2020040,900,407,370
2020041,879,857,686
2020042,034,372,683
2020043,567,059,381
2020044,227,594,473
2020045,234,631,268
2020046,822,503,359
2020047,874,950,119
2020048,997,289,669
2020049,297,016,030
2020050,314,800,088
2020051,221,789,652
2020052,503,742,682
2020053,430,506,389
2020054,978,945,028
2020055,468,235,725
2020056,462,493,774
2020057,880,347,319
2020058,902,091,216
2020059,948,583,660
2020060,828,810,152
2020061,535,469,272
2020062,902,691,061
2020063,663,668,006
2020064,853,569,343
2020065,294,040,925
2020066,219,782,240
2020067,942,137,408
2020068,153,557,880
2020069,260,789,067
2020070,835,221,304
2020071,059,627,225
2020072,921,834,120
2020073,685,405,224
2020074,079,194,625
2020075,276,401,046
2020076,082,469,990
2020077,020,961,342
2020078,597,234,080
2020079,570,357,091
2020080,662,528,333
2020081,148,012,621
2020082,191,858,768
2020083,440,970,193
2020084,612,643,424
2020085,336,405,661
2020086,516,156,707
2020087,114,372,455
2020088,746,413,319
2020089,577,686,724
2020090,575,568,141
2020091,088,345,553
2020092,497,463,630
2020093,124,123,090
2020094,911,807,004
2020095,740,095,482
2020096,666,799,559
2020097,840,661,328
2020098,292,274,523
2020099,681,458,033
2020100,668,235,203
2020101,298,310,378
2020102,786,303,289
2020103,872,592,255
2020104,397,749,576
2020105,198,056,193
2020106,964,184,961
2020107,856,615,845
2020108,155,720,033
2020109,818,932,504
2020110,450,601,589
2020111,220,123,821
2020112,503,594,809
2020113,524,269,981
2020114,737,753,062
2020115,036,876,207
2020116,008,094,776
2020117,721,527,778
2020118,297,358,994
2020119,125,029,964
2020120,109,629,237
2020121,870,875,462
2020122,384,435,109
2020123,015,641,187
2020124,185,447,397
2020125,749,732,135
2020126,915,280,763
2020127,885,865,255
2020128,868,913,370
2020129,360,593,315
2020130,455,438,024
2020131,053,207,902
2020132,649,176,742
2020133,276,852,843
2020134,884,914,512
2020135,569,163,042
2020136,746,250,132
2020137,994,789,585
2020138,020,716,314
2020139,950,156,145
2020140,481,048,568
2020141,805,395,986
2020142,899,654,101
2020143,086,916,138
2020144,869,872,181
2020145,109,614,874
2020146,535,485,091
2020147,086,530,563
2020148,981,913,746
2020149,391,235,400
2020150,612,247,318
2020151,788,791,552
2020152,704,650,454
2020153,916,960,786
2020154,886,854,090
2020155,993,740,091
2020156,112,328,462
2020157,200,176,163
2020158,320,539,409
2020159,915,188,583
2020160,593,309,528
2020161,688,791,727
2020162,810,503,943
2020163,804,816,593
2020164,769,465,476
2020165,910,480,026
2020166,808,692,233
2020167,641,562,587
2020168,215,946,882
2020169,965,037,632
2020170,942,095,422
2020171,710,178,570
2020172,769,381,662
2020173,909,805,853
2020174,687,057,862
2020175,304,590,942
2020176,933,057,492
2020177,137,199,454
2020178,205,572,778
2020179,660,256,441
2020180,644,258,779
2020181,227,169,364
2020182,845,499,988
2020183,549,729,292
2020184,011,803,379
2020185,163,374,836
2020186,903,682,113
2020187,612,694,556
2020188,465,756,159
2020189,625,484,858
2020190,733,126,771
2020191,641,526,738
2020192,708,907,036
2020193,933,180,601
2020194,941,924,841
2020195,243,966,928
2020196,471,734,152
2020197,784,813,759
2020198,832,075,968
2020199,567,251,318
2020200,602,967,296
2020201,942,591,694
2020202,482,125,541
2020203,100,500,790
2020204,126,049,732
2020205,993,348,114
2020206,960,862,603
2020207,234,582,511
2020208,202,850,414
2020209,377,075,992
2020210,496,742,239
2020211,241,699,766
2020212,418,150,471
2020213,027,936,268
2020214,651,278,652
2020215,114,413,711
2020216,385,709,632
2020217,679,695,862
2020218,853,578,056
2020219,285,206,403
2020220,973,381,528
2020221,988,309,369
2020222,638,256,217
2020223,421,769,871
2020224,758,824,430
2020225,097,145,241
2020226,830,345,039
2020227,356,008,661
2020228,053,238,069
2020229,121,651,529
2020230,639,962,211
2020231,867,449,464
2020232,281,573,206
2020233,472,094,166
2020234,671,235,468
2020235,341,580,259
2020236,136,258,119
2020237,396,967,909
2020238,334,416,999
2020239,547,704,106
2020240,575,831,685
2020241,112,994,807
2020242,708,756,149
2020243,258,318,970
2020244,433,905,271
2020245,093,920,912
2020246,486,567,019
2020247,428,479,611
2020248,822,401,203
2020249,704,520,647
2020250,863,726,148
2020251,882,185,527
2020252,974,318,415
2020253,755,256,634
2020254,669,257,524
2020255,106,495,444
2020256,844,325,288
2020257,894,447,387
2020258,024,086,928
2020259,240,285,260
2020260,820,427,540
2020261,142,295,157
2020262,706,803,881
2020263,007,560,526
2020264,471,991,888
2020265,746,154,524
2020266,827,372,743
2020267,585,236,832
2020268,087,412,792
2020269,391,217,444
2020270,369,502,544
2020271,550,025,492
2020272,647,638,563
2020273,068,078,511
2020274,891,996,747
2020275,077,143,661
2020276,727,709,697
2020277,102,857,712
2020278,021,152,454
2020279,233,683,279
2020280,200,364,954
2020281,114,985,488
2020282,511,085,704
2020283,984,789,137
2020284,502,744,416
2020285,875,692,697
2020286,628,231,789
2020287,462,317,257
2020288,956,770,492
2020289,086,581,650
2020290,418,429,339
2020291,753,634,479
2020292,941,451,748
2020293,566,802,676
2020294,460,076,130
2020295,702,284,446
2020296,898,398,933
2020297,042,744,178
2020298,624,502,424
2020299,964,560,944
2020300,299,183,375
2020301,471,245,451
2020302,397,081,309
2020303,463,855,172
2020304,658,937,919
2020305,506,726,596
2020306,108,069,321
2020307,789,418,922
2020308,115,302,181
2020309,536,861,546
2020310,611,225,004
2020311,574,574,677
2020312,344,793,829
2020313,538,180,134
2021001,177,946,544
2021002,667,801,456
2021003,113,733,230
2021004,981,672,028
2021005,839,458,882
2021006,733,314,620
2021007,290,529,431
2021008,382,065,212
2021009,626,987,237
2021010,233,985,229
2021011,026,365,830
2021012,906,140,007
2021013,244,731,783
2021014,248,296,328
2021015,697,297,161
2021016,615,182,423
2021017,780,093,584
2021018,125,267,611
2021019,815,293,121
2021020,799,701,429
2021021,401,592,976
2021022,949,482,101
2021023,131,658,557
2021024,030,798,935
2021025,280,376,030
2021026,264,520,291
2021027,472,216,211
2021028,381,057,582
2021029,150,934,473
2021030,694,769,193
2021031,019,169,946
2021032,072,471,484
2021033,852,092,376
2021034,796,895,646
2021035,021,035,577
2021036,011,097,755
2021037,070,372,600
2021038,685,144,690
2021039,746,441,420
2021040,729,286,854
2021041,361,891,232
2021042,061,331,968
2021043,936,592,523
2021044,323,342,622
2021045,454,497,222
2021046,791,650,592
2021047,683,290,898
2021048,400,901,955
2021049,747,427,997
2021050,193,083,153
2021051,960,409,593
2021052,329,715,310
2021053,869,886,709
2021054,437,541,701
2021055,245,253,560
2021056,985,980,187
2021057,565,250,793
2021058,784,712,650
2021059,581,483,652
2021060,857,880,722
2021061,305,553,521
2021062,130,692,483
2021063,811,942,739
2021064,491,027,953
2021065,805,506,424
2021066,761,298,459
2021067,608,131,412
2021068,658,498,486
2021069,772,490,656
2021070,376,886,093
2021071,914,372,323
2021072,400,386,181
2021073,678,270,881
2021074,237,819,305
2021075,757,722,914
2021076,954,151,193
2021077,853,784,528
2021078,079,028,960
2021079,167,572,088
2021080,128,963,267
2021081,340,621,437
2021082,067,591,014
2021083,131,468,936
2021084,766,145,325
2021085,235,738,237
2021086,432,309,515
2021087,902,205,871
2021088,144,083,351
2021089,383,713,108
2021090,137,964,533
2021091,045,359,196
2021092,705,165,344
2021093,333,957,071
2021094,699,966,833
2021095,989,597,527
2021096,244,842,878
2021097,168,613,828
2021098,014,603,546
2021099,098,451,331
2021100,877,034,349
2021101,145,610,318
2021102,019,413,629
2021103,512,085,206
2021104,385,729,093
2021105,589,810,480
2021106,872,427,379
2021107,782,769,769
2021108,053,650,019
2021109,183,247,771
2021110,312,700,879
2021111,271,451,361
2021112,349,893,648
2021113,012,965,729
2021114,577,878,417
2021115,231,430,426
2021116,161,086,799
2021117,079,984,816
2021118,550,563,998
2021119,859,150,177
2021120,450,225,923
2021121,801,169,952
2021122,401,425,382
2021123,748,979,526
2021124,407,126,378
2021125,942,195,950
2021126,641,057,283
2021127,606,164,939
2021128,173,052,001
2021129,816,572,769
2021130,198,746,968
2021131,055,287,461
2021132,688,072,424
2021133,160,313,494
2021134,456,527,524
2021135,081,827,559
2021136,888,408,077
2021137,070,478,583
2021138,954,613,472
2021139,800,199,224
2021140,395,334,708
2021141,070,815,200
2021142,967,158,092
2021143,232,705,829
2021144,258,546,177
2021145,176,583,354
2021146,858,275,728
2021147,198,255,062
2021148,945,960,778
2021149,972,180,297
2021150,862,437,767
2021151,161,372,568
2021152,712,935,493
2021153,411,397,600
2021154,043,331,736
2021155,089,104,649
2021156,433,862,893
2021157,807,351,250
2021158,307,422,359
2021159,723,749,038
2021160,895,642,860
2021161,299,408,773
2021162,887,573,957
2021163,665,281,583
2021164,125,542,793
2021165,837,709,365
2021166,873,279,630
2021167,126,679,907
2021168,645,295,484
2021169,042,813,148
2021170,184,056,281
2021171,366,567,694
2021172,276,511,773
2021173,023,576,135
2021174,676,240,983
2021175,132,405,626
2021176,213,627,146
2021177,693,579,674
2021178,716,045,130
2021179,994,973,627
2021180,144,346,957
2021181,371,687,608
2021182,472,622,862
2021183,546,226,886
2021184,497,531,708
2021185,938,437,401
2021186,271,516,680
2021187,740,247,078
2021188,450,172,642
2021189,380,190,323
2021190,036,438,589
2021191,871,709,522
2021192,647,175,654
2021193,066,407,941
2021194,447,760,139
2021195,752,880,606
2021196,407,029,139
2021197,053,722,616
2021198,121,460,716
2021199,131,533,107
2021200,258,588,512
2021201,872,024,422
2021202,601,442,031
2021203,920,105,910
2021204,945,376,916
2021205,813,295,292
2021206,452,239,074
2021207,144,879,839
2021208,283,197,756
2021209,396,939,674
2021210,797,605,731
2021211,276,049,491
2021212,258,261,604
2021213,950,706,970
2021214,144,511,487
2021215,189,667,054
2021216,765,500,501
2021217,216,449,687
2021218,730,492,614
2021219,921,022,336
2021220,023,853,405
2021221,929,803,609
2021222,372,174,024
2021223,184,404,474
2021224,010,529,301
2021225,498,786,367
2021226,486,858,312
2021227,490,809,627
2021228,045,188,081
2021229,708,261,311
2021230,764,839,721
2021231,026,670,012
2021232,437,631,837
2021233,904,172,711
2021234,561,291,625
2021235,254,205,412
2021236,686,169,841
2021237,724,349,827
2021238,194,574,587
2021239,930,083,876
2021240,311,739,186
2021241,262,168,750
2021242,564,635,976
2021243,327,456,381
2021244,417,027,587
2021245,447,446,792
2021246,091,789,221
2021247,121,580,614
2021248,050,405,170
2021249,448,248,829
2021250,872,295,082
2021251,133,621,011
2021252,210,382,961
2021253,203,917,124
2021254,160,450,907
2021255,167,642,420
2021256,904,548,707
2021257,819,662,108
2021258,946,121,436
2021259,930,301,622
2021260,720,563,928
2021261,293,307,247
2021262,548,794,155
2021263,194,056,386
2021264,872,798,728
2021265,700,693,788
2021266,073,578,193
2021267,175,019,500
2021268,128,780,236
2021269,275,360,562
2021270,603,864,388
2021271,843,521,405
2021272,985,423,353
2021273,197,524,707
2021274,987,421,810
2021275,258,528,469
2021276,719,294,015
2021277,453,492,436
2021278,598,891,857
2021279,915,516,882
2021280,276,943,200
2021281,235,169,434
2021282,506,259,987
2021283,599,386,867
2021284,610,617,467
2021285,447,238,530
2021286,080,482,312
2021287,453,795,270
2021288,330,593,719
2021289,830,805,322
2021290,658,035,164
2021291,795,015,366
2021292,954,934,488
2021293,356,124,069
2021294,542,843,330
2021295,251,138,540
2021296,584,130,911
2021297,893,169,356
2021298,285,584,844
2021299,580,192,060
2021300,576,758,883
2021301,521,762,333
2021302,432,920,903
2021303,632,468,446
2021304,609,789,910
2021305,207,451,276
2021306,774,391,449
2021307,486,854,854
2021308,180,097,493
2021309,722,387,583
2021310,456,123,047
2021311,958,412,522
2021312,698,970,709
2021313,938,219,893
2021314,020,206,094
2021315,755,702,816
2021316,516,175,365
2021317,143,879,009
2021318,489,071,341
2021319,886,287,168
2021320,369,721,856
2021321,397,304,704
2021322,500,790,298
2021323,754,693,344
2021324,886,956,847
2021325,515,402,169
2021326,970,405,149
2021327,935,510,419
2021328,300,591,074
2021329,286,392,947
2021330,744,548,416
2021331,122,679,540
2021332,500,412,393
2021333,494,046,093

2021334,692,371,560

2021335,493,148,197
